&BELXS
NAME = 'Born correction',
LH = 4,
DTM = 0.0480612079531,
BROT = 7.081490988999138,
NC = 9,
estart = 0.01,
estep = 0.01,
nsym = 4,
LUXSN = 402,
SW = 1,
nescat = 0,
SWX = 8,
LUXSNO = 182,
ntarg = 7,
ixsn = 2,
QMOLN=.true.,
/
